time,xi_x,xi_y,step_x,step_y,des_x,des_y,des_z,act_x,act_y,act_z,err_vert,switched
0.014000,0.013016,0.013014,0.012668,0.013917,-0.030763,0.016485,-0.002979,-0.056191,0.046709,-0.017665,-0.014685,0
0.038000,0.010711,0.014141,0.010757,0.014708,-0.032331,0.017449,0.012472,-0.055274,0.046835,-0.007750,-0.007196,0
0.064000,0.013160,0.019942,0.012378,0.019736,-0.031154,0.021618,0.026410,-0.035378,0.041161,0.019493,0.021547,0
0.088000,0.017664,0.020633,0.015878,0.021464,-0.028218,0.023247,0.037472,-0.031351,0.039763,0.031663,0.034774,0
0.114000,0.021909,0.024457,0.020445,0.025454,-0.024133,0.027245,0.044573,-0.030542,0.038572,0.042174,0.045482,0
0.138000,0.025375,0.028060,0.024596,0.029501,-0.020200,0.031066,0.047021,-0.031854,0.037916,0.047171,0.050382,0
0.164000,0.029212,0.032304,0.029587,0.034563,-0.015227,0.036104,0.044573,-0.034168,0.038279,0.048098,0.051289,0
0.188000,0.034485,0.037485,0.035744,0.040448,-0.009608,0.041574,0.037472,-0.038466,0.039758,0.044646,0.047727,0
0.214000,0.040269,0.042693,0.043037,0.047030,-0.002722,0.047924,0.026410,-0.043383,0.043159,0.035807,0.038909,0
0.238000,0.047346,0.049263,0.051429,0.054655,0.005127,0.055260,0.012472,-0.044640,0.048441,0.025083,0.028211,0
0.264000,0.054924,0.054957,0.060655,0.062183,0.013797,0.062385,-0.002979,-0.042035,0.054961,0.013318,0.016478,0
0.288000,0.063469,0.062214,0.071605,0.071410,0.024004,0.071378,-0.002979,-0.038507,0.064013,-0.002544,0.000551,1
0.314000,0.058010,0.006050,0.068992,0.017120,0.033485,0.082438,0.012472,-0.047808,-0.000383,-0.003046,-0.000800,0
0.338000,0.064419,0.014246,0.077562,0.028138,0.043336,0.091743,0.026410,-0.041568,0.003407,0.003238,0.004127,0
0.364000,0.081514,0.017084,0.095758,0.034688,0.060488,0.098747,0.037472,0.016138,0.020750,0.044154,0.046390,0
0.388000,0.085130,0.014922,0.105473,0.036859,0.069579,0.102343,0.044573,0.021950,0.039396,0.043645,0.046601,0
0.414000,0.099775,0.018306,0.122152,0.041673,0.086494,0.107598,0.047021,0.042600,0.057686,0.052186,0.055564,0
0.438000,0.111449,0.018261,0.137148,0.043838,0.100865,0.109953,0.044573,0.056091,0.073773,0.051067,0.054827,0
0.464000,0.128629,0.018384,0.157327,0.045060,0.120300,0.111420,0.037472,0.070014,0.087796,0.046921,0.050839,0
0.488000,0.146304,0.017379,0.178440,0.045251,0.140457,0.111860,0.026410,0.085574,0.099708,0.038757,0.042738,0
0.514000,0.168233,0.016414,0.204613,0.044415,0.164876,0.111152,0.012472,0.102419,0.106739,0.027426,0.031445,0
0.538000,0.191981,0.015541,0.232100,0.043416,0.192005,0.110448,-0.002979,0.121008,0.108503,0.013382,0.017306,0
0.564000,0.214632,0.013552,0.261629,0.040926,0.220273,0.108105,-0.002979,0.145806,0.104929,0.000461,0.004386,1
0.590000,0.032688,-0.024398,0.089501,0.001884,0.241717,0.105793,0.012472,-0.044115,0.067025,-0.003966,-0.001711,0
0.614000,0.041497,-0.023710,0.107995,0.000489,0.261188,0.105812,0.026410,-0.012323,0.061174,0.018965,0.019792,0
0.640000,0.055073,-0.024329,0.127916,-0.000958,0.281830,0.103876,0.037472,0.084322,0.062038,0.075534,0.076803,0
0.664000,0.066962,-0.024833,0.145987,-0.002874,0.299247,0.102358,0.044573,0.114909,0.078997,0.050057,0.051145,0
0.688000,0.076395,-0.029726,0.161543,-0.007615,0.314282,0.097677,0.047021,0.195015,0.097215,0.060803,0.061993,0
0.714000,0.082762,-0.029340,0.171637,-0.009907,0.324223,0.095324,0.044573,0.256276,0.113749,0.053302,0.054359,0
0.738000,0.090845,-0.030974,0.181737,-0.013027,0.333429,0.091628,0.037472,0.316691,0.127547,0.044260,0.045031,0
0.762000,0.100850,-0.032590,0.190826,-0.016631,0.343101,0.088053,0.026410,0.363621,0.137203,0.033673,0.034446,0
0.788000,0.116363,-0.035236,0.203803,-0.021439,0.356585,0.083684,0.012472,0.398540,0.143824,0.017146,0.018278,0
0.812000,0.135286,-0.040060,0.219604,-0.027686,0.372417,0.077979,-0.002979,0.418194,0.145819,0.001885,0.003687,0
0.838000,0.148404,-0.048134,0.233201,-0.037315,0.385716,0.068641,-0.002979,0.428281,0.145291,-0.002062,0.000447,0
0.862000,0.164358,-0.058790,0.248596,-0.049599,0.399848,0.058278,-0.002979,0.430548,0.146002,-0.001017,0.001174,0
0.890000,0.184633,-0.068949,0.270012,-0.063425,0.419577,0.045597,-0.002979,0.430367,0.146095,0.000688,0.002677,0
0.914000,0.201921,-0.075989,0.288829,-0.073952,0.438384,0.034445,-0.002979,0.430883,0.145079,0.002002,0.003890,0
0.940000,0.222366,-0.084068,0.300000,-0.085582,0.448427,0.023024,-0.002979,0.428592,0.144301,0.000751,0.002360,0
0.964000,0.245859,-0.093669,0.300000,-0.098848,0.446323,0.010690,-0.002979,0.427857,0.144066,0.001399,0.002913,0
0.988000,0.277558,-0.106038,0.300000,-0.114070,0.444174,-0.003940,-0.002979,0.427770,0.143807,0.001624,0.002761,0
1.014000,0.310579,-0.118192,0.300000,-0.130180,0.441842,-0.019815,-0.002979,0.427698,0.143224,0.001589,0.002105,0
1.040000,0.348735,-0.131357,0.300000,-0.146995,0.439374,-0.036828,-0.002979,0.427720,0.142263,0.001557,0.001042,0
1.064000,0.384838,-0.142850,0.300000,-0.162644,0.438619,-0.054489,-0.002979,0.428904,0.141280,0.001670,-0.000304,1
1.088000,0.421605,-0.151089,0.300000,-0.176490,0.436902,-0.069772,-0.002979,0.427403,0.138660,0.000248,-0.003203,1
1.114000,0.445898,-0.145568,0.300000,-0.179906,0.447224,-0.071094,-0.002979,0.427574,0.138880,0.000882,-0.006690,1
1.138000,0.407045,-0.171620,0.300000,-0.213021,0.508404,-0.066837,-0.002979,0.427642,0.137974,0.001155,-0.006622,1
1.164000,0.338249,-0.246810,0.300000,-0.281840,0.593016,-0.083375,-0.002979,0.427808,0.133222,0.001401,-0.005692,1
1.188000,0.332860,-0.329554,0.300000,-0.349039,0.614193,-0.133332,-0.002979,0.436347,0.111689,0.003065,-0.004082,1
1.214000,0.354857,-0.378295,0.300000,-0.404088,0.616683,-0.182964,-0.002979,0.458093,0.076506,0.002578,-0.005046,1
1.240000,0.351963,-0.393482,0.300000,-0.433469,0.647355,-0.213770,-0.002979,0.483166,0.033491,0.001074,-0.006845,1
1.264000,0.383696,-0.383371,0.300000,-0.437006,0.643191,-0.233216,-0.002979,0.477091,0.030039,0.001636,-0.006095,1
1.288000,0.398475,-0.411480,0.300000,-0.472948,0.645149,-0.269463,-0.002979,0.452849,0.039203,0.003084,-0.004307,1
1.314000,0.407245,-0.438868,0.300000,-0.509085,0.647715,-0.302383,-0.002979,0.413379,0.047762,0.005303,-0.004104,1
1.340000,0.424695,-0.472151,0.300000,-0.549306,0.649615,-0.338014,-0.002979,0.361940,0.045675,0.019210,0.010332,1
1.364000,0.448767,-0.506430,0.300000,-0.591945,0.649916,-0.378207,-0.002979,0.275741,0.012370,0.055224,0.048208,1
1.388000,0.455843,-0.525352,0.300000,-0.617253,0.653754,-0.402821,-0.002979,0.171939,-0.109529,0.174154,0.169330,1
1.414000,0.427500,-0.497196,0.300000,-0.584056,0.661596,-0.396122,-0.002979,0.238963,-0.319007,0.360036,0.336281,1
1.438000,0.397504,-0.390517,0.300000,-0.470339,0.675696,-0.367080,-0.002979,0.401754,-0.493273,0.443679,0.439885,1
1.464000,0.684976,-0.229362,0.300000,-0.315643,0.434271,-0.431552,-0.002979,0.547043,-0.767033,0.260699,0.208185,1
1.488000,-0.073408,0.084792,0.027186,-0.015675,0.914106,-0.515354,-0.002979,0.500467,-0.842579,-0.036992,-0.048838,1
1.514000,-0.198489,0.440052,-0.122591,0.408017,0.817047,-0.167967,-0.002979,0.472254,-0.790178,0.055105,0.040439,1
1.540000,-0.171274,0.656994,-0.122358,0.648690,0.731285,-0.115035,-0.002979,0.416082,-0.644006,0.104676,0.099408,1
1.564000,-0.136917,0.702025,-0.106037,0.710491,0.693625,-0.089684,-0.002979,0.480076,-0.629601,0.223301,0.208087,1
1.588000,-0.043261,0.779770,-0.046086,0.811669,0.593126,-0.009112,-0.002979,0.540035,-0.652982,0.274226,0.166719,1
1.614000,0.182851,0.700589,0.163497,0.753189,0.585166,0.056159,-0.002979,0.702961,-0.687769,0.300273,-0.036606,1
